Epoch	Time(sec)	Loss_train	MAE_train	MAE_dev	MAE_test
1	2.9232684581074864	363867.10498046875	73.2812525040192	74.9232842613669	76.25602715420273
2	5.789435167098418	361141.4538574219	72.45138307454074	74.14017269471113	75.4044986400964
3	8.625621875049546	347992.0986328125	68.81058032568836	70.69661353335661	71.65026184635342
4	11.510923207970336	299755.453125	56.886888206005096	59.964324499579035	59.736049436173346
5	14.35960075003095	203498.54174804688	50.46301280391154	53.52502503675573	53.604081990583886
6	17.65403683297336	172305.30346679688	46.90418119580334	49.584833896861355	49.63098402293223
7	20.651197749888524	140201.90551757812	41.737016537426655	43.993272944057686	44.57001441379763
8	23.48725249990821	104494.68298339844	34.31406849716346	36.13315855475033	36.77873091652708
9	26.33003616705537	74402.83197021484	28.393291829768277	30.61453378901762	31.66221613029264
10	29.209856417030096	65427.91101074219	27.241733301684494	29.532065150317024	31.038373722220367
11	32.13661929196678	61724.289123535156	26.370517597460623	29.10796724768246	30.14896429034899
12	35.971954457927495	58238.244689941406	25.979052629770408	28.741741646037383	30.191476979345644
13	38.85861845803447	56036.980224609375	25.242480846911825	27.94564900117762	29.211978651442617
14	41.726166791981086	56413.06994628906	24.631384735644176	27.43826628853293	28.771980733241676
15	44.82773187500425	51679.41635131836	24.21595255991551	26.953764146917006	28.437077072431457
16	47.721758666913956	50008.62829589844	23.814876714926115	26.365766946007223	27.879390739045053
17	50.60569166694768	49976.65872192383	23.135418655672623	25.708775593252742	27.406377356007415
18	53.50497050001286	46548.56329345703	22.653777370278124	25.20863458970014	27.120486266208143
19	56.38391362503171	45274.307189941406	22.28627989086181	24.745876553479363	26.814867480745857
20	59.26932274992578	44752.66262817383	22.002207479551824	24.40036397260778	26.47039281197314
21	62.15470537496731	43042.82162475586	21.694327005853204	23.992389022602755	26.21575021293928
22	65.02960233297199	41557.0846862793	21.872479202547623	23.80593571101918	26.397335821727538
23	68.16381945810281	41221.22253417969	21.429061365377216	23.510186200983384	25.9538430987664
24	72.46442499989644	41372.8889465332	21.592143495981606	23.372939864326927	26.112899566596408
25	75.5002094169613	41811.059661865234	20.697843708292975	22.797853691437666	25.4016242612083
26	78.54220808297396	39438.098541259766	20.804274316545555	23.055345260395722	25.466303029150332
27	81.48208562494256	38371.164947509766	20.611103101550597	22.749632190255557	25.26502438311307
28	84.35268745804206	37777.870025634766	20.44337274017134	22.189057759677663	25.069378189320833
29	87.22569370805286	37912.07159423828	20.153714766677137	22.08216485977173	24.789377034835095
30	90.16957095800899	37113.473083496094	20.365503057447402	22.198327112197877	24.944762209676348
31	93.09414254198782	36604.656494140625	20.097121197515758	21.916981593300314	24.76048718533426
32	95.97689154208638	35867.02470397949	19.98463406612736	22.202559622596294	24.58570065363398
33	98.84335425007157	35938.359619140625	21.59363935630359	23.629243755340575	25.884892036330026
34	101.88642458291724	36201.537353515625	20.185931896664083	21.812411605610567	24.762854571612376
35	104.80464533297345	35215.367736816406	19.468631064080444	21.308530106264	24.048191587879973
36	107.72835970809683	34955.6750793457	19.40713134049121	21.445515105303596	24.045853767754895
37	110.71073370799422	34527.873138427734	19.45167042073155	21.60452899652369	24.01884966976238
38	114.45126070803963	34580.238342285156	19.190397310007306	21.20326149042915	23.78733274846707
39	117.36723404191434	34040.557357788086	19.1057668930573	21.142984940023982	23.809893302197725
40	120.22948933299631	33698.278869628906	18.96405421002373	21.250798685410444	23.60892516936896
41	123.12912787497044	33534.42642211914	18.893486001104584	21.085236400716447	23.56093717970938
42	126.02429866697639	33200.464111328125	18.73387302216435	20.89843497837291	23.434293474791186
43	129.20291862497106	32968.94909667969	19.183805608624564	21.45185485727647	23.690153942917878
44	132.65496125002392	33622.18258666992	18.681885361047314	20.868708666633157	23.509188640792416
45	135.62009041709825	33123.555404663086	19.22769386980546	21.15537256633534	23.995968852403028
46	139.53017408307642	33114.579849243164	18.51416450395634	20.76760867623722	23.342162192992443
47	142.67396074999124	32471.672088623047	18.45339944662224	20.727581635643453	23.164876847896934
48	145.72441408294253	32892.314056396484	18.351058118630455	20.548861817752613	23.183704292999124
49	148.60195724992082	32799.32238769531	18.38307557243327	20.70824604034424	23.197468883586378
50	152.1614718749188	31990.018310546875	18.2440125861093	20.539069506701303	23.11176887998041
51	156.51631124992855	31614.80093383789	18.748354933648834	20.9800783886629	23.549951168726075
52	159.58621620805934	32197.1365814209	18.072104736772506	20.282861468371223	22.924454819481326
53	162.49340033298358	31709.315673828125	18.551820659512625	20.725553748186897	23.328331654926515
54	165.66852795798331	31840.571411132812	18.674686113577238	21.049472427368165	23.251673147363483
55	169.18499841704033	31321.260986328125	18.70954471108801	20.93303148325752	23.550879446965343
56	173.02318979194388	31328.33364868164	18.009018363752915	20.47600299610811	22.928339089987414
57	176.60444299993105	30770.434677124023	18.00814890799098	20.432377613292022	22.863533530595166
58	179.53353212494403	31048.362045288086	18.28898586652666	20.592427399579215	23.27589033009871
59	182.48692025011405	31462.497436523438	17.844061694844232	20.31353265537935	22.736531842429685
60	185.5111869580578	30349.454193115234	18.361940715325442	20.636810919817755	23.191234431176817
61	188.40267125004902	30732.523986816406	18.105267720696812	20.3856905039619	22.976354335838895
62	191.85804033302702	30344.8935546875	18.030934910499614	20.443219824398266	22.85845947265625
63	195.36423062509857	30240.808151245117	17.662320936537537	20.062186762865853	22.57335933649315
64	198.767399916891	30179.71356201172	18.188062024366168	20.582028787276325	22.870523194097125
65	201.77743016695604	29925.372116088867	18.364175258506656	20.85606113321641	22.989912743838328
66	204.72824570792727	30353.047103881836	18.37789573969017	20.650885778314926	23.062556757117218
67	207.66359291691333	29875.684051513672	17.613788253349785	20.2388884824865	22.643522280567097
68	210.6034282920882	29638.894104003906	17.549876297331604	20.001965203004726	22.45962142944336
69	213.54281437490135	29574.418075561523	17.84188765318606	20.283093446843765	22.874904425639027
70	216.46269987500273	29615.282196044922	17.517661202640433	20.051677434584672	22.45077988336671
71	219.3592521669343	29850.425857543945	17.578456592809466	20.102726986828973	22.606015338087982
72	222.34296241705306	29582.710693359375	18.284208488714008	20.657818956936108	22.89824647948427
73	225.29398183291778	29419.571487426758	17.502791003406983	20.038438623091753	22.38109428252814
74	228.34322158293799	29413.022369384766	17.358774333724178	19.900365605073816	22.30724012851715
75	231.24095008289441	29175.282592773438	17.331426285948428	19.98027218650369	22.3715088569893
76	234.26980116707273	29560.586975097656	17.57368238246878	20.120073099697336	22.445610892097903
77	237.8662101670634	28983.552780151367	17.38285367463896	19.94683983185712	22.46116188337218
78	241.24508695793338	29259.22508239746	17.627894989483018	20.182379857231588	22.489926630595946
79	244.37907300004736	29181.488037109375	17.315514555152173	19.851932273191565	22.350694136799508
80	247.35928808292374	28477.681869506836	17.282616781938763	19.809172647139604	22.204894724881875
81	250.37564204190858	28367.242156982422	17.15505284039762	19.769572847029742	22.182878917118288
82	253.35944137489423	28979.804809570312	17.434952484999652	20.000428379283232	22.32407870607556
83	256.6885768750217	28561.537963867188	18.56022334410882	20.882656383514405	23.128488376455486
84	260.2984476669226	28842.50242614746	17.18163343000162	19.728507221446318	22.223185703439533
85	264.68102237489074	28300.815887451172	17.433665112675172	20.067883901035085	22.46183627506472
86	268.8532649578992	28680.220703125	17.20799519566341	19.78319710563211	22.262786491861885
87	272.10292804194614	28786.611877441406	17.12070905725369	19.75493880440207	22.100445133335185
88	275.327106541954	27969.108306884766	17.18353010284963	19.657818356682274	22.165586626754617
89	278.9644007079769	28137.041107177734	17.055849026635055	19.753606364306282	22.09167398146863
90	282.59168524993584	27930.0724029541	17.019106765692147	19.66370975269991	22.074535450845396
91	286.15722616692074	27753.72186279297	16.980087671604455	19.616063017003675	22.04496085193922
92	289.07589341700077	27814.45083618164	16.891541896066116	19.518956290974337	22.004607373813414
93	292.3392153750174	27844.302490234375	17.26131537697078	19.986388767466824	22.32914174952597
94	295.645595875103	27647.249542236328	17.126729885321012	19.65361771303065	22.107788173657543
95	298.50665933289565	27649.52491760254	16.876711060239383	19.450920806211585	21.982815893191212
96	301.5046947079245	27926.547088623047	17.054579017049978	19.715592563853544	22.085509909773773
97	304.4193165830802	27534.83612060547	16.97397094808948	19.534620559916778	21.99591477637021
98	307.3130203750916	27740.709594726562	16.984149529047663	19.626796638264377	21.98387933227251
99	310.2431485000998	27305.98765563965	17.334217312448313	19.772961756762335	22.224236420865328
100	314.03673704201356	27422.97312927246	16.827609348047467	19.51589889526367	21.87185888470344
101	316.94321808288805	27236.577117919922	16.85634686060601	19.51836606754976	21.944271672446774
102	319.99636162491515	27187.302795410156	16.888945347975685	19.604335543688606	22.007154905571127
103	322.87153233308345	27325.39012145996	17.242878399594293	19.946255207061768	22.42013704551841
104	325.77683045808226	27179.129821777344	16.783515179344498	19.474315256230973	21.89573923596796
105	328.9473776249215	27179.318603515625	17.295580954451836	19.863832008137422	22.207531485917432
106	331.8848897079006	26979.682022094727	16.76193575209972	19.44172399184283	21.887337156061857
107	334.88392150006257	26817.169952392578	16.890973458115344	19.467550995770623	21.927577209922504
108	337.97011716710404	27167.536224365234	16.775918027493343	19.456421666986802	21.944849482122457
109	341.4562887500506	26712.35317993164	16.667511549919688	19.297706620833452	21.792272711699862
110	345.0879849169869	26928.975387573242	16.99022994740471	19.6203441844267	21.98867287275926
111	348.62289095809683	26848.96827697754	16.812857447494387	19.560490277234244	21.971370220184326
112	352.0626136669889	26830.951629638672	16.644642701323743	19.259127100776222	21.761561652399458
113	356.3233195829671	26892.570922851562	16.755055032475457	19.460856538660387	21.82410446427903
114	359.70130524993874	26702.14060974121	16.597587143563477	19.31801034702974	21.766557299865866
115	362.51275304192677	26538.888397216797	16.992699027061462	19.5716599408318	21.96966286650244
116	365.4116502921097	26641.50811767578	16.720996307452936	19.467804594600903	21.80525087185626
117	369.05026020808145	26550.661529541016	16.570640245033186	19.315028403787053	21.739523199369323
118	372.1019530419726	26653.104553222656	16.572266952529628	19.27315236820894	21.717061724302905
119	375.56358745810576	26561.562225341797	16.61935192502606	19.364673451816333	21.795919222651786
120	378.45575445797294	26459.433563232422	16.620212410132922	19.339786669787237	21.71268978433789
121	381.4072130830027	26464.989196777344	16.495050711781566	19.23191349927117	21.702922173266142
122	384.3182975829113	26284.043380737305	16.71358339449498	19.338426006541532	21.78688381527955
123	387.43153074989095	26294.963012695312	16.54335746652793	19.26702486486996	21.675906032886147
124	390.6129952920601	26422.14045715332	16.518918263974616	19.23483507492963	21.62547701034906
125	393.6442276670132	26232.588088989258	16.5591125656797	19.259021164389218	21.662903398837685
126	397.25213441695087	26131.204223632812	16.510244402585855	19.261326576681697	21.711378441666657
127	400.7344102500938	26040.215209960938	16.461611003151738	19.24528024897856	21.612843011910062
128	403.8238780000247	26103.18374633789	16.685641897910553	19.350172306509577	21.74392996419151
129	406.75246741692536	26261.423278808594	16.459256657755187	19.20619507957907	21.583932818106884
130	409.6593522920739	26259.921142578125	16.529808309689866	19.322884671828326	21.795226551451773
131	412.708830333082	26230.39764404297	16.44146935290691	19.179167932622573	21.58362256805852
132	415.65560366702266	25854.00682067871	16.418439838898745	19.17466094634112	21.584109776424913
133	418.5651837498881	26000.02163696289	16.436901002030098	19.23463409648222	21.56099528186726
134	421.434259041911	26030.28867340088	16.755892929606414	19.433379610847023	21.802549398170328
135	424.42518937494606	26045.33071899414	16.449332468172642	19.209182817795696	21.559066241642213
136	427.33777924999595	25963.063278198242	16.584230361808658	19.307470787272734	21.66013225069586
137	431.3192609169055	25840.52769470215	16.405828342387814	19.17438871720258	21.55970755613075
138	434.29303920804523	25927.05824279785	16.35673749446869	19.15162903280819	21.570141472906435
139	437.378069707891	25761.05010986328	16.404917196453553	19.2302035780514	21.538859344878286
140	440.8687473330647	25867.490112304688	16.333491667402978	19.147149646983426	21.538330429005175
141	444.0113458330743	25703.582061767578	16.471507299008795	19.259318766874426	21.56999955312261
142	447.08353487495333	25693.48764038086	16.31887153430759	19.095654784931856	21.495454399090892
143	450.0433530830778	25704.4803314209	16.324684563731648	19.131123329611384	21.515368436867337
144	452.95600937493145	25883.637741088867	16.35554890794904	19.149442554922665	21.509677506842703
145	456.1514675419312	25611.951629638672	16.421456299527154	19.182572460174562	21.546141242081266
146	459.20786508289166	25463.01971435547	16.63147312246692	19.329982106825884	21.709053563621808
147	462.18735254206695	25653.14581298828	16.650443151983293	19.3780829261331	21.720473525659095
148	465.20824100007303	25561.532012939453	16.355917013752524	19.13874927408555	21.51655796338927
149	469.08330058306456	25448.82537841797	16.276782733607668	19.082333604027244	21.52872000325401
150	472.55455800006166	25480.52604675293	16.324574591601706	19.098770523071288	21.47919433071928
151	475.9440722919535	25403.51434326172	16.277420203099076	19.086658315097583	21.506079293646902
152	479.2822706250008	25581.15216064453	16.454362163993075	19.21808032428517	21.574269321729552
153	482.20806979201734	25433.108932495117	16.328081187153362	19.128058517680447	21.492888430379473
154	485.13584708306007	25481.483367919922	16.29791089377478	19.13668461406932	21.47493743221715
155	488.1109230420552	25533.017684936523	16.23275719637646	19.06646021113676	21.436087480131185
156	491.02383712492883	25330.584671020508	16.422607926173985	19.189936183480654	21.54820487634191
157	493.96358604193665	25468.68849182129	16.32859519326874	19.105790171903724	21.495374911236315
158	497.18839200004004	25585.15463256836	16.212914486830147	19.023313370872945	21.427165364319425
159	500.1424707500264	25370.18685913086	16.259686833900933	19.15363905850579	21.559521209518863
160	503.02756958291866	25568.897888183594	16.245449775800655	19.073666179881375	21.427939581421185
161	506.39956191694364	25308.085983276367	16.239617162349962	19.05723996442907	21.433833904986113
162	509.7566752920393	25428.916610717773	16.223019169887323	19.069806441138773	21.50919734082132
163	513.1109942919575	25233.750900268555	16.23802671257738	19.095785685146556	21.434206683680696
164	516.2218503749464	25448.984954833984	16.334984570897685	19.14358968734741	21.494441198852826
165	519.5006499579176	25258.804229736328	16.202341718199367	19.04497352487901	21.41538880906015
166	523.0405427499209	25163.902572631836	16.170726464680975	18.98679444369148	21.41510886291288
167	525.9483536249027	25188.02456665039	16.180776089897954	19.017788067985983	21.375453011044915
168	528.8793774580117	25218.42805480957	16.15798589259542	18.995996222776526	21.393736958503723
169	532.0221996249165	25114.0489654541	16.433819305834344	19.200886535644532	21.57610181142699
170	534.8579971669242	25122.95867919922	16.140393679678752	18.988327822965733	21.388695118562232
171	538.2579917081166	25112.10678100586	16.252045933488777	19.09521530936746	21.436795880209726
172	541.4957907919306	25076.851364135742	16.12818602741701	18.974739865695728	21.401176025282663
173	544.6224835000467	25033.52850341797	16.128219220026626	18.969743425705854	21.43408682436313
174	547.5290204999037	25041.07502746582	16.121260114365224	18.969699152778176	21.378820835419422
175	551.6841436671093	24939.07847595215	16.153415334162286	19.027498968909768	21.499836923941125
176	554.8741224580444	24989.629791259766	16.16904630336462	18.99997951844159	21.373740790025245
177	558.2664943330456	24956.85415649414	16.089372912626615	18.921061207266415	21.339109985333568
178	561.7486409170087	24920.404327392578	16.096415497245587	18.95557829351986	21.38166951233486
179	564.7963928331155	25039.83819580078	16.16463268302498	19.016859222860898	21.381169442860585
180	567.9249487500638	25147.0712890625	16.088766329575584	18.92672663856955	21.352129722541232
181	571.8802961250767	24919.830139160156	16.130092196439573	18.97019515879014	21.35746223971529
182	574.8707207499538	24801.463790893555	16.298068225695825	19.125581657185275	21.479313602987325
183	578.2273919580039	24869.523040771484	16.13170745734769	18.99894645354327	21.36369911904605
184	581.4957854999229	24929.381576538086	16.130968445882747	18.99025033502018	21.365439646648912
185	584.8804025419522	24911.819564819336	16.088806778972685	18.992242555057302	21.335531644101412
186	588.298386832932	24813.029327392578	16.078775672388325	18.95591781840605	21.334261680549044
187	591.8463576249778	24784.501556396484	16.074244398721227	18.955121298397287	21.335195305212487
188	595.1559935000259	24905.412567138672	16.241744681178588	19.096715281991397	21.43050367202399
189	598.1738775419071	24977.7215423584	16.097666624328852	18.97089942483341	21.33131507657609
190	601.3039397920948	24764.805603027344	16.185054061300466	19.066264113257912	21.39399249598665
191	604.712516374886	24723.718063354492	16.053539844707668	18.92880791495828	21.32195186165144
192	607.6679793330841	24794.188369750977	16.035614416237276	18.906064852546244	21.303758877628255
193	611.0881982080173	24728.05110168457	16.127717673466467	18.988568984760956	21.352634558137858
194	614.6655133329332	24877.769729614258	16.08723225206605	18.9809471579159	21.32008183002472
195	618.0041700000875	24768.58038330078	16.097483551314987	18.982746657203226	21.330573945675255
196	621.3721386669204	24742.484573364258	16.012858050031813	18.88864169401281	21.294235171012158
197	624.8940363330767	24724.498077392578	16.02240554387657	18.89934450037339	21.278854752486605
198	628.556027875049	24677.094467163086	16.038964374527257	18.927325035544	21.28257132476231
199	632.557952708099	24733.022689819336	16.066203395109525	18.961436989728142	21.306015158599276
200	635.7541324170306	24763.11749267578	16.009288763812698	18.89112086015589	21.363662926655895
